Link Github untuk mengecek Test Case Program:
https://github.com/Azekhiel/tes-tubes-ppmc/actions/runs/9169531184/job/25210120150

Contoh Output Menggunakan Test Case:
Test case 1:
Nama file csv: Kota Awal: 
Algoritma Ant Colony Optimization
Path Terpendek:
Makassar -> Tegal -> Jakarta Utara -> Probolinggo -> Semarang -> Makassar
Jarak Tempuh: 834.885640 km
Waktu yang diperlukan program: 0.006131 seconds

Algortima Genetic:
Best rute found:
Makassar -> Tegal -> Jakarta Utara -> Probolinggo -> Semarang -> Makassar
Best rute distance: 834.88564 km
Time elapsed: 0.0474470000 s

Algoritma BruteForce:
Best route found:
Makassar -> Tegal -> Jakarta Utara -> Probolinggo -> Semarang -> Makassar
Best route distance: 834.88564 km
Time elapsed: 0.0000240000 s

Algoritma PSO
Best route found:
Tegal -> Jakarta Utara -> Probolinggo -> Semarang -> Makassar -> Tegal
Best route distance: 834.88564 km
Time elapsed: 0.26198 s

Algoritma BranchBound:
Makassar -> Semarang -> Probolinggo -> Jakarta Utara -> Tegal ->  Makassar
Jumlah Jarak : 833.5720799790 km
Waktu yang digunakan : 0.0000200000 s

Algoritma BFS:
Minimum distance: 834.885803 km
Makassar -> Tegal -> Jakarta Utara -> Probolinggo -> Semarang -> Makassar
Time elapsed: 0.000016 seconds


Algoritma DFS:
Jarak antara kota-kota:
Kota           Makassar       Probolinggo    Semarang       Tegal          Jakarta Utara  
Makassar       0.00           114.89         260.30         78.07          142.42         
Probolinggo    114.89         0.00           300.12         60.57          118.43         
Semarang       260.30         300.12         0.00           314.61         392.02         
Tegal          78.07          60.57          314.61         0.00           77.97          
Jakarta Utara  142.42         118.43         392.02         77.97          0.00           

Jalur terpendek: Makassar -> Semarang -> Probolinggo -> Jakarta Utara -> Tegal -> Makassar
Jarak: 834.89 km
Jarak terperinci: 260.30 + 300.12 + 118.43 + 77.97 + 78.07 = 834.89 km
Waktu yang dibutuhkan: 0.000009527 detik
Test case 2:
Nama file csv: Kota Awal: 
Algoritma Ant Colony Optimization
Path Terpendek:
Makassar -> Tegal -> Jakarta Utara -> Probolinggo -> Denpasar -> Semarang -> Makassar
Jarak Tempuh: 857.812990 km
Waktu yang diperlukan program: 0.010079 seconds

Algortima Genetic:
Best rute found:
Makassar -> Tegal -> Jakarta Utara -> Probolinggo -> Denpasar -> Semarang -> Makassar
Best rute distance: 857.81299 km
Time elapsed: 0.0541300000 s

Algoritma BruteForce:
Best route found:
Makassar -> Semarang -> Denpasar -> Probolinggo -> Jakarta Utara -> Tegal -> Makassar
Best route distance: 857.81299 km
Time elapsed: 0.0000990000 s

Algoritma PSO
Best route found:
Makassar -> Semarang -> Denpasar -> Jakarta Utara -> Probolinggo -> Tegal -> Makassar
Best route distance: 956.08313 km
Time elapsed: 0.30100 s

Algoritma BranchBound:
Makassar -> Probolinggo -> Jakarta Utara -> Tegal -> Denpasar -> Semarang ->  Makassar
Jumlah Jarak : 938.0381982000 km
Waktu yang digunakan : 0.0000300000 s

Algoritma BFS:
Minimum distance: 857.813171 km
Makassar -> Tegal -> Jakarta Utara -> Probolinggo -> Denpasar -> Semarang -> Makassar
Time elapsed: 0.000070 seconds


Algoritma DFS:
Jarak antara kota-kota:
Kota           Makassar       Probolinggo    Semarang       Tegal          Jakarta Utara  Denpasar       
Makassar       0.00           114.89         260.30         78.07          142.42         163.17         
Probolinggo    114.89         0.00           300.12         60.57          118.43         121.31         
Semarang       260.30         300.12         0.00           314.61         392.02         201.74         
Tegal          78.07          60.57          314.61         0.00           77.97          164.78         
Jakarta Utara  142.42         118.43         392.02         77.97          0.00           236.97         
Denpasar       163.17         121.31         201.74         164.78         236.97         0.00           

Jalur terpendek: Makassar -> Tegal -> Jakarta Utara -> Probolinggo -> Denpasar -> Semarang -> Makassar
Jarak: 857.81 km
Jarak terperinci: 78.07 + 77.97 + 118.43 + 121.31 + 201.74 + 260.30 = 857.81 km
Waktu yang dibutuhkan: 0.000047128 detik
Test case 3:
Nama file csv: Kota Awal: 
Algoritma Ant Colony Optimization
Path Terpendek:
Makassar -> Tegal -> Jakarta Utara -> Cimahi -> Probolinggo -> Denpasar -> Semarang -> Makassar
Jarak Tempuh: 861.111655 km
Waktu yang diperlukan program: 0.018383 seconds

Algortima Genetic:
Best rute found:
Makassar -> Semarang -> Denpasar -> Probolinggo -> Cimahi -> Jakarta Utara -> Tegal -> Makassar
Best rute distance: 861.11166 km
Time elapsed: 0.0627590000 s

Algoritma BruteForce:
Best route found:
Makassar -> Semarang -> Denpasar -> Probolinggo -> Cimahi -> Jakarta Utara -> Tegal -> Makassar
Best route distance: 861.11166 km
Time elapsed: 0.0006930000 s

Algoritma PSO
Best route found:
Semarang -> Makassar -> Tegal -> Jakarta Utara -> Cimahi -> Probolinggo -> Denpasar -> Semarang
Best route distance: 861.11166 km
Time elapsed: 0.35048 s

Algoritma BranchBound:
Makassar -> Tegal -> Jakarta Utara -> Cimahi -> Probolinggo -> Denpasar -> Semarang ->  Makassar
Jumlah Jarak : 858.8882595921 km
Waktu yang digunakan : 0.0000430000 s

Algoritma BFS:
Minimum distance: 861.111877 km
Makassar -> Tegal -> Jakarta Utara -> Cimahi -> Probolinggo -> Denpasar -> Semarang -> Makassar
Time elapsed: 0.000441 seconds


Algoritma DFS:
Jarak antara kota-kota:
Kota           Makassar       Probolinggo    Semarang       Tegal          Jakarta Utara  Denpasar       Cimahi         
Makassar       0.00           114.89         260.30         78.07          142.42         163.17         98.33          
Probolinggo    114.89         0.00           300.12         60.57          118.43         121.31         42.39          
Semarang       260.30         300.12         0.00           314.61         392.02         201.74         320.88         
Tegal          78.07          60.57          314.61         0.00           77.97          164.78         23.87          
Jakarta Utara  142.42         118.43         392.02         77.97          0.00           236.97         79.34          
Denpasar       163.17         121.31         201.74         164.78         236.97         0.00           157.65         
Cimahi         98.33          42.39          320.88         23.87          79.34          157.65         0.00           

Jalur terpendek: Makassar -> Tegal -> Jakarta Utara -> Cimahi -> Probolinggo -> Denpasar -> Semarang -> Makassar
Jarak: 861.11 km
Jarak terperinci: 78.07 + 77.97 + 79.34 + 42.39 + 121.31 + 201.74 + 260.30 = 861.11 km
Waktu yang dibutuhkan: 0.000277948 detik
Test case 4:
Nama file csv: Kota Awal: 
Algoritma Ant Colony Optimization
Path Terpendek:
Makassar -> Tegal -> Jakarta Utara -> Bekasi -> Cimahi -> Probolinggo -> Denpasar -> Semarang -> Makassar
Jarak Tempuh: 861.752820 km
Waktu yang diperlukan program: 0.030959 seconds

Algortima Genetic:
Best rute found:
Makassar -> Tegal -> Jakarta Utara -> Bekasi -> Cimahi -> Probolinggo -> Denpasar -> Semarang -> Makassar
Best rute distance: 861.75282 km
Time elapsed: 0.0717020000 s

Algoritma BruteForce:
Best route found:
Makassar -> Semarang -> Denpasar -> Probolinggo -> Cimahi -> Bekasi -> Jakarta Utara -> Tegal -> Makassar
Best route distance: 861.75282 km
Time elapsed: 0.0053620000 s

Algoritma PSO
Best route found:
Makassar -> Semarang -> Denpasar -> Cimahi -> Jakarta Utara -> Bekasi -> Tegal -> Probolinggo -> Makassar
Best route distance: 954.24678 km
Time elapsed: 0.40346 s

Algoritma BranchBound:
Makassar -> Tegal -> Cimahi -> Probolinggo -> Denpasar -> Semarang -> Bekasi -> Jakarta Utara ->  Makassar
Jumlah Jarak : 1002.0258559994 km
Waktu yang digunakan : 0.0000670000 s

Algoritma BFS:
Minimum distance: 861.753174 km
Makassar -> Tegal -> Jakarta Utara -> Bekasi -> Cimahi -> Probolinggo -> Denpasar -> Semarang -> Makassar
Time elapsed: 0.003205 seconds


Algoritma DFS:
Jarak antara kota-kota:
Kota           Makassar       Probolinggo    Semarang       Tegal          Jakarta Utara  Denpasar       Cimahi         Bekasi         
Makassar       0.00           114.89         260.30         78.07          142.42         163.17         98.33          139.96         
Probolinggo    114.89         0.00           300.12         60.57          118.43         121.31         42.39          112.23         
Semarang       260.30         300.12         0.00           314.61         392.02         201.74         320.88         387.78         
Tegal          78.07          60.57          314.61         0.00           77.97          164.78         23.87          73.33          
Jakarta Utara  142.42         118.43         392.02         77.97          0.00           236.97         79.34          6.43           
Denpasar       163.17         121.31         201.74         164.78         236.97         0.00           157.65         231.11         
Cimahi         98.33          42.39          320.88         23.87          79.34          157.65         0.00           73.55          
Bekasi         139.96         112.23         387.78         73.33          6.43           231.11         73.55          0.00           

Jalur terpendek: Makassar -> Tegal -> Jakarta Utara -> Bekasi -> Cimahi -> Probolinggo -> Denpasar -> Semarang -> Makassar
Jarak: 861.75 km
Jarak terperinci: 78.07 + 77.97 + 6.43 + 73.55 + 42.39 + 121.31 + 201.74 + 260.30 = 861.75 km
Waktu yang dibutuhkan: 0.001983493 detik
Test case 5:
Nama file csv: Kota Awal: 
Algoritma Ant Colony Optimization
Path Terpendek:
Makassar -> Tegal -> Jakarta Utara -> Jakarta Selatan -> Bekasi -> Cimahi -> Probolinggo -> Denpasar -> Semarang -> Makassar
Jarak Tempuh: 870.335197 km
Waktu yang diperlukan program: 0.049389 seconds

Algortima Genetic:
Best rute found:
Makassar -> Tegal -> Jakarta Utara -> Jakarta Selatan -> Bekasi -> Cimahi -> Probolinggo -> Denpasar -> Semarang -> Makassar
Best rute distance: 870.33520 km
Time elapsed: 0.0806470000 s

Algoritma BruteForce:
Best route found:
Makassar -> Semarang -> Denpasar -> Probolinggo -> Cimahi -> Bekasi -> Jakarta Selatan -> Jakarta Utara -> Tegal -> Makassar
Best route distance: 870.33520 km
Time elapsed: 0.0479930000 s

Algoritma PSO
Best route found:
Tegal -> Jakarta Utara -> Bekasi -> Probolinggo -> Cimahi -> Jakarta Selatan -> Denpasar -> Semarang -> Makassar -> Tegal
Best route distance: 1098.31542 km
Time elapsed: 0.46121 s

Algoritma BranchBound:
Makassar -> Tegal -> Cimahi -> Probolinggo -> Bekasi -> Jakarta Selatan -> Jakarta Utara -> Denpasar -> Semarang ->  Makassar
Jumlah Jarak : 968.6057164919 km
Waktu yang digunakan : 0.0000840000 s

Algoritma BFS:
Minimum distance: 870.335754 km
Makassar -> Tegal -> Jakarta Utara -> Jakarta Selatan -> Bekasi -> Cimahi -> Probolinggo -> Denpasar -> Semarang -> Makassar
Time elapsed: 0.026703 seconds


Algoritma DFS:
Jarak antara kota-kota:
Kota           Makassar       Probolinggo    Semarang       Tegal          Jakarta Utara  Denpasar       Cimahi         Bekasi         Jakarta Selatan
Makassar       0.00           114.89         260.30         78.07          142.42         163.17         98.33          139.96         147.90         
Probolinggo    114.89         0.00           300.12         60.57          118.43         121.31         42.39          112.23         118.78         
Semarang       260.30         300.12         0.00           314.61         392.02         201.74         320.88         387.78         395.94         
Tegal          78.07          60.57          314.61         0.00           77.97          164.78         23.87          73.33          81.44          
Jakarta Utara  142.42         118.43         392.02         77.97          0.00           236.97         79.34          6.43           6.82           
Denpasar       163.17         121.31         201.74         164.78         236.97         0.00           157.65         231.11         238.27         
Cimahi         98.33          42.39          320.88         23.87          79.34          157.65         0.00           73.55          80.92          
Bekasi         139.96         112.23         387.78         73.33          6.43           231.11         73.55          0.00           8.19           
Jakarta Selatan147.90         118.78         395.94         81.44          6.82           238.27         80.92          8.19           0.00           

Jalur terpendek: Makassar -> Tegal -> Jakarta Utara -> Jakarta Selatan -> Bekasi -> Cimahi -> Probolinggo -> Denpasar -> Semarang -> Makassar
Jarak: 870.34 km
Jarak terperinci: 78.07 + 77.97 + 6.82 + 8.19 + 73.55 + 42.39 + 121.31 + 201.74 + 260.30 = 870.34 km
Waktu yang dibutuhkan: 0.016102933 detik
Test case 6:
Nama file csv: Kota Awal: 
Algoritma Ant Colony Optimization
Path Terpendek:
Makassar -> Tegal -> Jakarta Utara -> Jakarta Selatan -> Bekasi -> Cimahi -> Bandung -> Probolinggo -> Denpasar -> Semarang -> Makassar
Jarak Tempuh: 874.004224 km
Waktu yang diperlukan program: 0.070262 seconds

Algortima Genetic:
Best rute found:
Makassar -> Semarang -> Denpasar -> Probolinggo -> Bandung -> Cimahi -> Bekasi -> Jakarta Selatan -> Jakarta Utara -> Tegal -> Makassar
Best rute distance: 874.00422 km
Time elapsed: 0.0906230000 s

Algoritma BruteForce:
Best route found:
Makassar -> Semarang -> Denpasar -> Probolinggo -> Bandung -> Cimahi -> Bekasi -> Jakarta Selatan -> Jakarta Utara -> Tegal -> Makassar
Best route distance: 874.00422 km
Time elapsed: 0.4765020000 s

Algoritma PSO
Best route found:
Semarang -> Denpasar -> Probolinggo -> Bekasi -> Jakarta Selatan -> Tegal -> Cimahi -> Jakarta Utara -> Bandung -> Makassar -> Semarang
Best route distance: 1070.31795 km
Time elapsed: 0.50440 s

Algoritma BranchBound:
Makassar -> Tegal -> Cimahi -> Bandung -> Probolinggo -> Bekasi -> Jakarta Selatan -> Jakarta Utara -> Denpasar -> Semarang ->  Makassar
Jumlah Jarak : 972.1775333527 km
Waktu yang digunakan : 0.0001170000 s

Algoritma BFS:
Minimum distance: 874.004822 km
Makassar -> Tegal -> Jakarta Utara -> Jakarta Selatan -> Bekasi -> Cimahi -> Bandung -> Probolinggo -> Denpasar -> Semarang -> Makassar
Time elapsed: 0.251445 seconds


Algoritma DFS:
Jarak antara kota-kota:
Kota           Makassar       Probolinggo    Semarang       Tegal          Jakarta Utara  Denpasar       Cimahi         Bekasi         Jakarta SelatanBandung        
Makassar       0.00           114.89         260.30         78.07          142.42         163.17         98.33          139.96         147.90         93.22          
Probolinggo    114.89         0.00           300.12         60.57          118.43         121.31         42.39          112.23         118.78         36.29          
Semarang       260.30         300.12         0.00           314.61         392.02         201.74         320.88         387.78         395.94         311.30         
Tegal          78.07          60.57          314.61         0.00           77.97          164.78         23.87          73.33          81.44          24.84          
Jakarta Utara  142.42         118.43         392.02         77.97          0.00           236.97         79.34          6.43           6.82           88.69          
Denpasar       163.17         121.31         201.74         164.78         236.97         0.00           157.65         231.11         238.27         148.46         
Cimahi         98.33          42.39          320.88         23.87          79.34          157.65         0.00           73.55          80.92          9.77           
Bekasi         139.96         112.23         387.78         73.33          6.43           231.11         73.55          0.00           8.19           82.99          
Jakarta Selatan147.90         118.78         395.94         81.44          6.82           238.27         80.92          8.19           0.00           90.46          
Bandung        93.22          36.29          311.30         24.84          88.69          148.46         9.77           82.99          90.46          0.00           

Jalur terpendek: Makassar -> Tegal -> Jakarta Utara -> Jakarta Selatan -> Bekasi -> Cimahi -> Bandung -> Probolinggo -> Denpasar -> Semarang -> Makassar
Jarak: 874.00 km
Jarak terperinci: 78.07 + 77.97 + 6.82 + 8.19 + 73.55 + 9.77 + 36.29 + 121.31 + 201.74 + 260.30 = 874.00 km
Waktu yang dibutuhkan: 0.148715408 detik
